000608041000200003
000608041000000002
000608041000400003
000608041000600000
000608041000800003
000608041000a00003
000608041000c00002
000608041000e00002
000608041001000001
000608041001200003
000608041001400003
000608041001600001
000608041001800001
000608041200000000
000608041200200000
000608041200400000
000608041200600001
000608041200800001
000608041200a00001
000608041200c00002
000608041200e00002
000608041201000002
000608041201200003
000608041201400003
000608041201600003
000608041201800004
000608041201a00004
000608041201c00004
000608041201e00005
000608041202000005
000608041202200005
000608041202400006
000608041202600006
000608041202800006
000608041202a00007
000608041202c00007
000608041202e00007
000608041203000008
000608041203200008
000608041203400008
000608041200011000
000608041200200000
000608041000000001
